484002001
484002002
484002003
484002004
484003001
484004002
484004003
484005002
484005005
484005006
484005007
484005009
484005011
484005012
484005020
484005023
484005024
484005026
484005027
484005030
484005031
484005033
484005034
484005035
484005036
484005037
484005038
484006001
484006008
484007005
484007009
484007012
484007013
484007017
484007018
484007021
484007025
484007029
484007033
484007035
484007042
484007043
484007045
484007046
484007048
484007052
484007054
484007055
484007059
484007060
484007061
484007062
484007063
484007065
484007067
484007068
484007072
484007073
484007074
484007079
484007084
484007085
484007086
484007087
484007088
484007090
484007091
484007092
484007096
484007100
484007101
484007107
484008001
484008002
484008003
484008005
484008007
484008009
484008010
484008011
484008012
484008014
484008016
484008018
484008026
484008027
484008029
484008032
484008033
484008034
484008035
484008036
484008038
484008040
484008044
484008045
484008046
484008048
484008049
484008050
484008052
484008053
484008059
484008060
484008061
484008063
484008064
484010001
484010004
484010005
484010006
484010009
484010010
484010011
484010013
484010014
484010017
484010018
484010023
484010026
484010032
484010034
484010035
484010036
484011030
484012022
484012038
484014020
484014061
484014084
484014100
484016008
484016010
484018004
484018009
484018012
484018015
484018019
484019005
484019013
484019014
484019017
484019022
484019032
484019037
484019038
484020005
484020010
484020014
484020025
484020030
484020043
484020053
484020057
484020066
484020075
484020079
484020124
484020125
484020130
484020141
484020143
484020197
484020247
484020264
484020281
484020304
484020307
484020326
484020406
484020420
484020426
484020440
484020470
484020503
484020506
484020511
484020523
484020553
484023001
484024010
484024024
484024033
484025001
484025003
484025006
484025007
484025010
484025011
484025012
484025013
484025015
484025016
484026002
484026003
484026004
484026017
484026018
484026019
484026020
484026021
484026027
484026029
484026030
484026033
484026035
484026036
484026038
484026042
484026047
484026048
484026049
484026051
484026052
484026055
484026057
484026065
484026066
484026069
484027001
484027002
484027003
484027005
484027006
484027008
484027009
484027010
484027013
484027014
484027016
484028008
484028014
484028015
484028022
484028023
484028033
484028035
484030039
484030048
484030059
484030061
484030081
484030088
484030102
484030108
484030113
484030117
484030119
484030120
484030140
484030141
484030147
484030165
484030192
484031011
484031059
484032007
484032010
484032013
484032025
484032037
484032038
484032040
484032046
484032048